916520
916520
916596
916596
916596
916596
916596
916596
916596
916596
956140
956140
956140
1049212
1194484
1279228
1374268
1469308
1564348
1664668
1764988
1865572
1961668
2066212
2155972
2240452
2335492
2436076
2520556
2594476
2668396
2737036
2805676
2879596
2953516
3022420
3096340
3164980
3238900
3310972
3386740
3450100
3518740
3592924
3661564
3724924
3793564
3862204
3936124
4004764
4068388
4137028
4210948
4284868
4348492
4417132
4491052
4559692
4633612
4702516
4771156
4845076
4914508
4987900
5051336
5125256
5193896
5262536
5331440
5405360
5474000
5547920
5616560
5685200
5753840
5822480
5891120
5957680
6024176
6087276
6138808
6179368
6232888
6268796
6328060
6385880
6417888
6433236
6460884
6485708
6498664
6491952
6496124
6510380
6531252
6541476
6574792
6648712
6712072
6753760
6810104
6822856
6830884
6829544
6807464
6817956
6805136
6807212
6786944
6787092
6804736
6813700
6817596
6827160
6829376
6823972
6809708
6815392
6801408
6788156
6778964
6772768
6784948
6754824
6764512
6769668
6765484
6734724
6743040
6755048
6758616
6765576
6745208
6728124
6695376
6691548
6699428
6722360
6720824
6722888
6722836
6728440
6733796
6739716
6759828
6752516
6764156
6767576
6762832
6781364
6800084
6821696
6809780
6815052
6869440
6894296
6891572
6910012
6922968
6908904
6931784
6944952
6944956
6956352
6963616
6974120
6963256
6925256
6937552
6942072
6946048
6930944
6880996
6874276
6870304
6816772
6831384
6825136
6825120
6838096
6851060
6855452
6869792
6870844
6893176
6879460
6878972
6842380
6835040
6833960
6820376
6828552
6830800
6818424
6793124
6794956
6763008
6684456
6596560
6598576
6516684
6555580
6561536
6560712
6552260
6540160
6540372
6588572
6632596
6655940
6711324
6733512
6768068
6771260
6789808
6809096
6800280
6782144
6793312
6787544
6758388
6757716
6755208
6747164
6712648
6677104
6633504
6598572
6495908
6354808
6319216
6333808
6366876
6372864
6394864
6436388
6478832
6515752
6531836
6578524
6589616
6610164
6623944
6623360
6622916
6645840
6635728
6634548
6639008
6652440
6716736
6731856
6788836
6841112
6919936
6926764
    0
    8
 1340
    0
 1168
 2072
    8
 1340
    0
 1164
 2108
    8
 1340
    0
 1232
 2064
    8
 1340
    0
 1220
 2052
    8
 1340
    0
 1228
 2032
    8
 1340
    0
 1232
 2112
    8
 1340
    0
 1220
 2064
    8
 1340
    0
 1232
 2256
    8
 1340
    0
 1232
 2060
    8
 1340
    0
 1228
 2048
