197960000
197960000
198356000
198356000
198356000
198356000
198356000
198356000
198356000
198356000
198356000
198836000
198836000
198836000
198836000
198836000
198836000
198836000
198836000
198836000
198836000
198836000
198836000
198836000
466896000
479040000
479040000
310872000
385904000
317196000
317196000
340152000
458052000
476280000
494076000
507912000
525280000
552648000
568284000
571716000
579372000
584652000
588876000
596268000
596532000
596532000
606300000
607092000
608676000
608676000
608676000
624516000
626100000
626892000
628740000
628740000
628740000
628740000
628740000
628740000
628740000
646000000
658492000
666848000
672656000
682172000
698308000
702532000
716188000
724128000
745556000
757552000
768376000
768376000
775768000
775768000
775768000
775768000
782368000
782368000
782368000
782368000
795216000
813976000
822424000
832192000
832192000
832192000
832192000
849088000
849088000
849088000
849088000
849088000
849088000
849088000
849088000
849088000
871792000
873112000
873112000
873112000
874432000
876808000
876808000
876808000
876808000
876808000
876808000
876808000
876808000
876808000
876808000
876808000
876808000
900304000
900304000
900304000
900304000
900304000
900304000
900568000
900568000
900568000
900568000
900568000
900568000
900568000
900568000
900568000
900568000
900568000
900568000
900568000
900568000
900568000
900568000
900568000
900568000
900568000
917308000
933156000
938700000
938700000
958140000
970060000
982724000
982724000
1001732000
1001732000
1001732000
1001732000
1001732000
1001732000
1021872000
1037372000
1043708000
1060544000
1092192000
1102752000
1108296000
1119912000
1119912000
1119912000
1136136000
1156652000
1191036000
1211692000
1226828000
1233428000
1241876000
1249004000
1255340000
1255340000
1284480000
1295832000
1295832000
1295832000
1310880000
1310880000
1310880000
1332792000
1333056000
1333056000
1333056000
1333056000
1333056000
1333056000
1333056000
1343488000
1368220000
1378196000
1406292000
1418304000
1441444000
1466092000
1486780000
1497340000
1510804000
1510804000
1510804000
1523416000
1542468000
1556176000
1562716000
1588456000
1614252000
1633876000
1642060000
1651828000
1651828000
1658956000
1672192000
1695460000
1721544000
1727616000
1736064000
1736064000
1747944000
1747944000
1747944000
1758504000
1758504000
1758504000
1776984000
1776984000
1776984000
1776984000
1776984000
1806816000
1807872000
1807872000
1811832000
1811832000
1811832000
1811832000
1811832000
1812096000
1812096000
1812096000
1812096000
1849848000
1850904000
1850904000
1850904000
1853016000
1854864000
1854864000
1854864000
1854864000
1854864000
1854864000
1854864000
1854864000
1854864000
1854864000
1888392000
1888656000
1888656000
1888656000
1888656000
1888656000
1888920000
1888920000
1889184000
1889184000
1889184000
1889184000
1889184000
1889184000
1889184000
1889184000
1938816000
1938816000
1940400000
1940400000
1940400000
1940400000
1942248000
1945680000
1945680000
1945680000
1945680000
1945680000
1945680000
1945680000
1945680000
1945680000
1945680000
1945680000
1945680000
1945944000
1945944000
1945944000
1945944000
1945944000
1945944000
1945944000
1945944000
1945944000
1945944000
2111736000
2111736000
2111736000
2111736000
2111736000
2111736000
2111736000
2111736000
2112528000
2114112000
2118072000
2122560000
2126520000
2130744000
2135232000
2140512000
2142096000
2142096000
2142096000
2142096000
2142096000
2142096000
2142096000
2142096000
2142096000
2142096000
2142096000
2142096000
2142360000
2142360000
2142360000
2142360000
2142360000
2142360000
2142360000
2142360000
2142360000
2142360000
2142360000
2142360000
2142360000
2142360000
2143680000
2144736000
2146584000
2146584000
2146584000
2146584000
2146584000
2146584000
2146584000
2146584000
2146584000
2146584000
2146584000
2146584000
2146584000
2146584000
2146584000
2146584000
2146848000
2147112000
2147904000
2148696000
2148696000
2148696000
2148696000
2148696000
2148960000
2148960000
2148960000
2148960000
2148960000
2148960000
2148960000
2148960000
2148960000
2148960000
2148960000
2148960000
2148960000
2148960000
2148960000
2148960000
2148960000
2148960000
2148960000
2148960000
2148960000
2148960000
2148960000
2148960000
2148960000
2148960000
2148960000
2149224000
2149224000
2149224000
2149224000
2149224000
2149224000
2149224000
2149224000
2149224000
2149224000
2149224000
2149224000
2149224000
2149224000
2149224000
2149224000
2149224000
2149224000
2149224000
2149224000
2149224000
2149224000
2149224000
2149224000
2149224000
2149224000
2149224000
2149488000
2149488000
2149488000
2149488000
2149488000
2149488000
2149488000
2149488000
2149488000
2149488000
2149488000
2149488000
2149488000
2149488000
2149488000
2149488000
2149488000
2149488000
2149488000
2149488000
2149488000
2149488000
2149488000
2149488000
2149752000
2149752000
2411016000
2886216000
3360624000
3185568000
3185568000
3783584000
4558688000
4962608000
5340124000
5672520000
6011508000
6819136000
6858836000
6776476000
6776752000
6742616000
6719712000
6730312000
6700432000
6663056000
6673592000
2645604000
3264200000
3933220000
4097728000
4256624000
4481552000
4648136000
4864352000
4958336000
5038856000
5120696000
5196992000
5255128000
2647692000
2647692000
43836000
54004000
54004000
54004000
54004000
54004000
54004000
54004000
