203988
203988
203988
203988
203988
203988
203988
203988
203988
203988
203988
203988
230888
241628
241628
241628
381996
403380
416580
416580
421860
427140
427140
432420
437700
437700
442980
442980
448260
448260
453540
458820
458820
464100
464100
469380
474660
474660
479940
479940
485220
490500
490500
495780
495780
501060
501060
506604
511884
511884
517164
517164
522444
522444
527724
533004
533004
538284
538284
543564
543564
548844
554124
554124
559404
559404
564684
564684
569964
569964
575244
575244
580524
585804
585804
591084
591084
596364
596364
601644
601644
606924
612204
612204
617484
617484
622764
622764
628044
628044
633324
633324
638340
643620
643620
648900
648900
654180
654180
659460
664740
664740
670020
670020
675300
675300
680580
680580
685860
685860
691140
696420
696420
701700
701700
706980
706980
712260
712260
717540
722820
722820
728100
728100
733380
733380
738660
738660
743940
743940
749220
749220
754500
754500
759780
759780
765060
770340
770340
775620
775620
780900
780900
786180
791460
791460
796740
796740
802284
807564
807564
812844
812844
818124
823404
823404
828684
828684
833964
839244
839244
844524
844524
849804
855084
855084
860364
860364
865644
870924
870924
876204
876204
881484
886764
886764
892044
897324
897324
902604
902604
907884
913164
913164
918444
918444
923724
929004
929004
934284
934284
939564
939564
944844
950124
950124
955404
955404
960684
965964
965964
971244
971244
976524
981804
981804
987084
987084
992364
992364
997644
997644
1002924
1008204
1008204
1013484
1013484
1018764
1018764
1024044
1029324
1029324
1034604
1034604
1039884
1039884
1045164
1045164
1050444
1055724
1055724
1061004
1061004
1066284
1071300
1071300
1076580
1076580
1081860
1081860
1087140
1087140
1092420
1097700
1097700
1102980
1102980
1108260
1108260
1113540
1119084
1119084
1124364
1124364
1129644
1129644
1134924
1140204
1140204
1145484
1145484
1150764
1151556
1156044
1161324
1161324
1166604
1166604
1171884
1177164
1177164
1182444
1182444
1187724
1193004
1193004
1198284
1198284
1203564
1203564
1208844
1208844
1214124
1219404
1219404
1224684
1224684
1229964
1229964
1235244
1235244
1240524
1246068
1246068
1251348
1251348
1256628
1256628
1261908
1261908
1267188
1272468
1272468
1277748
1277748
1283028
1288308
1288308
1293588
1293588
1298868
1304148
1304148
1309428
1309428
1314708
1319988
1319988
1325268
1325268
1330548
1335828
1335828
1341108
1341108
1346388
1351668
1351668
1356948
1356948
1362228
1362228
1367508
1367508
1372788
1378068
1378068
1383348
1383348
1388628
1388628
1393908
1399188
1399188
1404468
1404468
1409748
1415292
1415292
1420572
1420572
1425852
1425852
1431132
1431132
1436412
1441692
1441692
1446972
1446972
1452252
1457532
1457532
1462548
1462548
1467828
1473108
1473108
1478388
1478388
1483668
1483668
1488948
1494228
1494228
1499508
1499508
1504788
1510068
1510068
1515348
1515348
1520628
1520628
1525908
1525908
1531188
1536468
1536468
1541748
1541748
1547028
1547028
1552308
1557588
1557588
1563132
1563132
1568412
1573692
1573692
1578972
1578972
1584252
1589532
1589532
1594812
1594812
1600092
1600092
1605372
1605372
1610652
1615932
1615932
1621212
1621212
1626492
1626492
1631772
1631772
1637052
1642332
1642332
1647612
1647612
1652892
1658172
1658172
1663452
1663452
1668732
1668732
1668732
1674012
1674012
1679292
1679292
1679292
1684572
1684572
1689852
1689852
1695132
1700412
1700412
1705692
1705692
1705692
1710972
1710972
1716516
1716516
1721796
1721796
1727076
1727076
1732356
1732356
1732356
1737636
1737636
1742916
1742916
1748196
1748196
1753476
1753476
1758756
1758756
1764036
1764036
1769316
1769316
1774596
1779876
1779876
1785156
1785156
1790436
1795716
1795716
1800996
1800996
1806276
1806276
1811556
1816836
1816836
1822116
1827396
1827396
1832676
1837956
1837956
1843236
1843236
1848516
1853796
1853796
1859076
1864356
1864356
1869636
1869636
1874916
1880196
1880196
1885212
1885212
1890492
1895772
1895772
1901052
1906332
1906332
1911612
1911612
1916892
1922172
1922172
1927452
1932732
1932732
1938012
1938012
1943292
1948572
1948572
1953852
1953852
1959132
1964412
1964412
1969692
1974972
1974972
1980252
1980252
1985532
1985532
1990812
1996092
1996092
2001372
2001372
2006652
2011932
2011932
2017212
2017212
2022492
2022492
2028036
2033316
2033316
2038596
2038596
2043876
2049156
2049156
2054436
2054436
2059716
2059716
2064996
2070276
2070276
2075556
2075556
2080836
2086116
2086116
2091396
2091396
2096676
2101956
2101956
2107236
2107236
2112516
2112516
2117796
2123076
2123076
2128356
2128356
2133636
2138916
2138916
2144196
2144196
2149476
2154756
2154756
2160036
2160036
2165316
2165316
2170596
2175876
2175876
2181156
2181156
2186436
2191716
2191716
2196996
2196996
2202276
2207556
2207556
2212836
2218116
2218116
2223396
2223396
2228676
2233956
2233956
2239236
2239236
2244516
2249796
2249796
2255076
2255076
2260356
2265636
2265636
2270916
2270916
2276196
2281476
2281476
2286756
2286756
2291772
2297052
2297052
2302332
2302332
2307612
2312892
2312892
2318436
2318436
2323716
2323716
2328996
2334276
2334276
2339892
2342112
2357524
2357684
2365740
2365740
2371020
2376300
2376300
2381580
2381580
2386860
2386860
2392140
2397420
2397420
2402700
2407980
2407980
2413260
2413260
2418540
2421808
2421808
2427088
2427088
2432368
2437648
2437648
2442928
2448208
2448208
2453488
2453488
2458768
2464048
2464048
2469328
2474608
2474608
2479888
2479888
2485168
2490448
2490448
2495728
2495728
2501008
2506288
2506288
2511568
2511568
2516848
2522128
2522128
2527408
2532688
2532688
2537968
2537968
2543248
2548528
2548528
2553808
2553808
2559088
2564368
2564368
2569648
2574928
2574928
2580208
2585488
2585488
2590768
2590768
2596048
2601328
2601328
2606608
2611888
2611888
2617168
2622448
2622448
2627728
2627728
2633008
2638288
2638288
2643568
2648848
2648848
2654392
2659672
2659672
2664952
2664952
2670232
2675512
2675512
2680792
2686072
2686072
2691352
2691352
2696368
2701648
2701648
2706928
2712208
2712208
2717488
2717488
2722768
2728048
2728048
2733328
2738608
2738608
2743888
2749168
2749168
2754448
2754448
2759728
2765008
2765008
2770288
2775568
2775568
2780848
2780848
2786128
2791408
2791408
2796688
2796688
2801968
2801968
2807248
2812528
2812528
2817808
2817808
2823088
2828368
2828368
2833648
2838928
2838928
2838928
2844208
2844208
2849488
2849488
2854768
2854768
2854768
2860048
2860048
2860048
2865328
2865328
2870608
2870608
2875888
2875888
2881168
2881168
2886448
2886448
2891728
2891728
2891728
2897008
2897008
2902288
2902288
2907568
2907568
2912848
2912848
2912848
2918128
2918128
2918128
2923408
2923408
2923408
2923408
2928688
2928688
2928688
2933968
2933968
2933968
2933968
2939248
2939248
2939248
2944792
2944792
2944792
2950072
2950072
2950072
2950072
2955352
2955352
2955352
2955352
2960632
2960632
2960632
2965912
2965912
2965912
2965912
2971192
2971192
2976472
2976472
2976472
2976472
2981752
2981752
2981752
2987032
2987032
2987032
2987032
2992312
2992312
2992312
2992312
2997592
2997592
2997592
3002872
3002872
3002872
3002872
3008152
3008152
3008152
3008152
3013432
3013432
3013432
3018712
3018712
3018712
3018712
3023992
3023992
3029272
3029272
3029272
3029272
3034552
3034552
3034552
3039832
3039832
3039832
3045112
3045112
3045112
3050392
3050392
3050392
3050392
3055672
3055672
3060952
3060952
3060952
3066232
3066232
3066232
3071512
3071512
3076792
3076792
3076792
3082072
3082072
3082072
3087352
3087352
3087352
3087352
3092632
3092632
3092632
3097912
3097912
3097912
3097912
3103192
3103192
3103192
3108472
3108472
3108472
3108472
3113752
3113752
3113752
3119032
3119032
3119032
3119032
3124312
3124312
3124312
3129592
3129592
3129592
3129592
3134872
3134872
3134872
3140152
3140152
3145168
3145168
3145168
3150448
3150448
3150448
3155728
3155728
3155728
3161008
3161008
3161008
3166288
3166288
3166288
3171568
3171568
3171568
3176848
3176848
3176848
3182128
3182128
3182128
3187408
3187408
3187408
3192688
3192688
3192688
3197968
3197968
3197968
3203248
3203248
3203248
3208528
3208528
3208528
3213808
3213808
3213808
3219088
3219088
3219088
3224368
3224368
3224368
3229648
3229648
3229648
3234928
3234928
3234928
3240208
3240208
3240208
3245488
3245488
3245488
3250768
3250768
3250768
3256312
3256312
3256312
3256312
3261592
3261592
3261592
3266872
3266872
3266872
3266872
3272152
3272152
3272152
3277432
3277432
3277432
3282712
3282712
3282712
3287992
3287992
3287992
3293272
3293272
3293272
3293272
3298552
3298552
3298552
3303832
3303832
3303832
3309112
3309112
3309112
3314392
3314392
3314392
3319672
3319672
3324952
3324952
3330232
3330232
3330232
3330232
3335512
3335512
3335512
3340792
3340792
3340792
3346072
3346072
3346072
3351352
3351352
3351352
3356632
3356632
3361912
3361912
3361912
3361912
3367192
3367192
3367192
3372472
3372472
3372472
3377752
3377752
3377752
3383032
3383032
3383032
3388312
3388312
3388312
3393592
3393592
3393592
3398872
3398872
3398872
3404152
3404152
3404152
3409432
3409432
3409432
3414712
3414712
3414712
3419992
3419992
3425272
3425272
3425272
3430816
3430816
3430816
3430816
3436096
3436096
3436096
3441376
3441376
3441376
3446656
3446656
3446656
3451936
3451936
3451936
3457216
3457216
3457216
3457216
3462496
3462496
3462496
3467776
3467776
3467776
3473056
3473056
3473056
3478336
3478336
3478336
3483616
3483616
3483616
3488896
3488896
3488896
3494176
3494176
3494176
3494176
3499456
3499456
3504736
3504736
3504736
3504736
3510280
3510280
3510280
3515560
3515560
3515560
3520840
3520840
3520840
3526120
3526120
3526120
3531664
3531664
3531664
3536944
3536944
3536944
3542224
3542224
3542224
3547504
3547504
3547504
3552784
3552784
3552784
3558064
3558064
3558064
3563344
3563344
3563344
3568624
3568624
3568624
3573904
3573904
3573904
3579184
3579184
3579184
3584464
3584464
3589744
3589744
3589744
3595024
3595024
3595024
3595024
3600304
3600304
3600304
3605584
3605584
3605584
3610864
3610864
3610864
3615880
3615880
3621160
3621160
3621160
3626800
3626800
3632080
3632080
3632080
3637360
3637360
3642640
3642640
3642640
3647920
3647920
3653200
3653200
3653200
3658480
3658480
3663760
3663760
3663760
3669040
3669040
3674320
3674320
3674320
3679600
3679600
3684880
3684880
3684880
3690160
3690160
3695440
3695440
3695440
3700720
3700720
3706000
3706000
3711280
3711280
3716560
3716560
3721840
3721840
3727120
3727120
3732400
3732400
3737680
3737680
3737680
3742960
3742960
3748240
3748240
3748240
3753520
3753520
3753520
3753520
3758800
3758800
3758800
3764080
3764080
3764080
3769360
3769360
3769360
3774640
3774640
3774640
3779920
3779920
3779920
3785200
3785200
3785200
3790480
3790480
3790480
3795760
3795760
3795760
3801040
3801040
3801040
3806584
3806584
3806584
3811864
3811864
3811864
3817144
3817144
3817144
3822424
3822424
3822424
3827704
3827704
3832984
3832984
3832984
3832984
3838264
3838264
3843544
3843544
3843544
3848824
3848824
3848824
3854104
3854104
3854104
3859384
3859384
3859384
3864664
3864664
3864664
3869944
3869944
3869944
3875224
3875224
3880504
3880504
3880504
3885784
3885784
3885784
3891064
3891064
3891064
3896344
3896344
3896344
3901624
3901624
3901624
3901624
3906904
3906904
3912184
3912184
3912184
3917464
3917464
3917464
3917464
3922744
3922744
3922744
3928024
3928024
3928024
3933304
3933304
3933304
3938584
3938584
3938584
3943864
3943864
3949144
3949144
3949144
3954424
3954424
3954424
3959704
3959704
3959704
3964984
3964984
3964984
3970264
3970264
3975544
3975544
3975544
3980824
3980824
3980824
3980824
3986104
3986104
3986104
3991384
3991384
3991384
3996664
3996664
3996664
3996664
4001944
4001944
4001944
4007224
4007224
4012504
4012504
4017784
4017784
4023064
4023064
4028344
4028344
4028344
4033624
4033624
4038904
4038904
4044184
4044184
4044184
4049464
4049464
4054744
4054744
4060024
4060024
4065304
4065304
4070584
4070584
4076128
4076128
4076128
4081408
4081408
4086688
4086688
4091968
4091968
4091968
4097248
4097248
4102528
4102528
4107544
4107544
4107544
4112824
4112824
4118104
4118104
4123384
4123384
4128664
4128664
4133944
4133944
4139224
4139224
4144504
4144504
4149784
4149784
4155064
4155064
4160344
4160344
4165624
4165624
4170904
4170904
4176184
4176184
4181464
4181464
4186744
4186744
4192024
4192024
4197304
4197304
4202584
4202584
4207864
4207864
4213144
4213144
4218424
4218424
4223704
4228984
4228984
4234264
4234264
4239544
4239544
4244824
4244824
4250104
4250104
4255384
4255384
4260664
4260664
