202064000
202064000
262264000
202360000
202360000
202360000
216860000
225304000
246084000
255852000
279096000
290584000
299032000
307744000
316192000
323172000
345260000
355028000
355028000
355240000
365504000
379784000
403540000
408820000
424760000
445348000
456172000
463300000
473280000
473280000
480408000
483840000
488064000
542712000
542712000
542712000
542712000
542928000
542928000
542928000
542928000
542928000
542928000
1108932000
1700028000
746292000
1183156000
744656000
203632000
203632000
203632000
