191080
191080
191080
191080
191316
191316
191316
191316
191316
191316
191348
211892
235104
242760
250944
256752
268896
275496
278880
282048
285216
290232
293136
300000
303696
307084
314476
318172
320284
326848
329752
332920
337096
340264
343696
349768
351880
357160
363496
366880
370048
375592
378496
382984
386680
391168
396928
400096
406168
409600
414880
426224
434332
438472
440320
445072
450352
459836
473784
473784
474004
477168
480600
483504
487728
489840
493800
498508
503524
515932
515932
515932
520684
526756
526976
532256
532256
537536
537536
542024
548096
548320
553600
553600
556768
563104
563104
568384
568608
573888
578112
578112
583392
589728
589728
592896
598400
598400
601568
605792
610808
610808
614720
619736
623696
628448
628448
632144
635840
639752
646088
649784
649784
653744
661400
661400
667420
671644
674812
678508
682204
685372
691180
693244
698260
703804
706972
711196
719636
724916
730412
733580
737804
742028
746516
751532
754700
759140
764420
773924
776300
781844
784748
790556
794468
798692
803708
809252
811892
816116
820868
826368
831384
834288
840360
844848
850656
855408
859856
864872
872264
974168
1504828
2321376
3160368
3559492
3732412
3889228
2626576
2122284
2292036
2450964
2619924
1438484
200580
200580
200580
200580
200580
200580
200796
200796
200796
200796
