51236000
51236000
51236000
159508000
245628000
169880000
169880000
169880000
175220000
199776000
223204000
229276000
239044000
255532000
280028000
293944000
298960000
311128000
330552000
345072000
363240000
368784000
370104000
370104000
370104000
394328000
395384000
397232000
397496000
398024000
398248000
398248000
398248000
398248000
415144000
415348000
415348000
415348000
415348000
415348000
444348000
445932000
445932000
448308000
448308000
448308000
448808000
449072000
449072000
449072000
449072000
449308000
465940000
465940000
465940000
465940000
465940000
466172000
466172000
476520000
502636000
502636000
522764000
529188000
545576000
568060000
588376000
603248000
619880000
620112000
620112000
639648000
639648000
639648000
639884000
639884000
655948000
676644000
681396000
690112000
707372000
722156000
722156000
743804000
743804000
743804000
744040000
744040000
744040000
744040000
744040000
744276000
779388000
780444000
780444000
781500000
782556000
782788000
783052000
783316000
783316000
783316000
783316000
783552000
783552000
805992000
805992000
805992000
806228000
806228000
806228000
806228000
806228000
806228000
806460000
896220000
896220000
896220000
896484000
902028000
910712000
910712000
910712000
910712000
910712000
910712000
910948000
910948000
910948000
912532000
912532000
912764000
912764000
913292000
913292000
913292000
913292000
913528000
913528000
913528000
913528000
913528000
913528000
913764000
913764000
913764000
913764000
913764000
914000000
914000000
914000000
1449996000
1819100000
2518172000
3188968000
3335224000
3544048000
3666280000
1947816000
2125724000
2348276000
2461268000
1328448000
186232000
186232000
186444000
186444000
186444000
186444000
186444000
