259516
259516
259516
259516
259516
259344
259344
259344
259344
259344
259344
259344
259344
259344
333648
259344
259344
259344
272868
278148
283956
288972
294252
300588
307980
312204
318540
323292
329100
335700
342036
347580
354180
359196
365004
371340
375564
381900
387444
394572
401964
408828
414108
419124
426252
431004
437076
442356
447372
452652
456876
462948
467436
473772
479580
484860
489876
495156
502812
509940
518652
523404
527892
532908
539244
543468
548748
555084
560364
566700
573300
577788
583596
589140
595212
602340
608148
613428
619500
623724
630060
636396
641676
648012
652236
658572
663060
669132
674148
679956
684444
689988
694212
698436
702924
708468
711372
716916
724308
728532
735660
739092
743052
745428
750708
753612
757836
765228
768396
771036
778956
782124
785292
788460
795852
799548
803244
806412
809580
812748
815916
819084
825420
828588
832020
834924
840204
843108
848652
851028
855252
859476
864228
868980
873996
877428
882708
886932
892212
897228
902772
906732
913068
918348
923628
927852
933132
938148
942636
948972
953460
959532
964020
970092
975636
980916
986988
993588
997812
1004148
1008636
1014444
1019988
1025532
1031340
1035564
1040316
1045068
1051140
1057740
1062228
1068300
1071468
1077012
1083084
1086516
1091796
1096020
1101300
1104468
1109484
1115028
1119252
1125324
1130604
1135884
1141164
1146972
1151724
1157004
1163076
1169676
1174956
1181556
1188684
1196340
1212180
1216140
1219572
1223004
1230396
1234092
1237260
1240956
1244652
1244652
1248084
1251516
1255212
1258380
1262076
1265244
1268412
1274748
1278444
1281612
1284780
1287948
1291380
1294548
1297452
1303788
1307220
1310388
1313292
1315932
1319628
1325172
1328340
1330452
1334676
1339956
1343124
1345236
1348404
1353684
1356852
1360020
1362132
1367412
1372692
1378764
1381140
1383516
1388796
1394076
1396716
1401732
1406484
1411500
1416780
1422060
1424700
1428924
1433148
1437900
1442652
1448460
1454268
1456908
1461396
1466148
1468788
1474068
1478292
1483572
1488324
1492020
1497300
1503636
1509972
1516308
1522644
1531356
1539540
1549044
1558812
1564884
1570428
1577292
1583364
1592340
1605012
2198992
2826744
2863964
3971444
4733612
5472548
6268844
6481932
6572632
6725632
6741412
6774068
6747088
6743060
6734688
6723020
6724740
6732804
5146656
2866760
3671508
3863680
4057192
4237240
4417816
4598100
4769172
4894296
2370888
31792
32028
32028
32028
