911188
911188
911188
911188
911188
911188
911188
911188
911188
911188
911188
911188
911188
911188
911188
911188
911188
911188
911188
911188
911188
911188
911188
911188
911188
911188
911188
911188
911188
911188
911188
911188
911188
911188
911188
911188
911188
911188
911188
911188
911188
911188
913804
913804
913804
913804
913804
913804
913804
913804
913804
913804
913804
913804
913804
913804
913804
913804
913804
913804
913804
913804
913804
913804
913804
913804
913804
913804
913804
913804
913804
913804
913804
913804
