203712000
203712000
203712000
203712000
203712000
203712000
203712000
203712000
203712000
203712000
203712000
203712000
203712000
203712000
203712000
203712000
203712000
203712000
203712000
203712000
203712000
203712000
203712000
203712000
203712000
203712000
203712000
203712000
203712000
203712000
203712000
203712000
203740000
203740000
203740000
203740000
203740000
203740000
203740000
203740000
203740000
203740000
203740000
203740000
203740000
203740000
203740000
203740000
203740000
203740000
203740000
203740000
204096000
204096000
204096000
204096000
204096000
204096000
204096000
204096000
204096000
204096000
204096000
