915852000
915852000
915852000
915852000
915852000
915852000
915852000
915852000
915852000
915852000
915852000
915852000
915852000
915852000
915948000
915948000
915948000
915948000
915948000
915948000
915948000
915948000
915948000
915948000
915948000
915948000
915948000
915948000
915948000
915948000
915948000
915948000
915948000
915948000
915948000
915948000
916012000
916012000
916088000
916172000
916172000
916172000
916172000
916172000
916172000
916172000
916172000
916172000
916172000
916172000
916172000
916172000
916172000
916172000
916172000
916172000
916172000
916172000
916172000
