958712
958712
958744
958776
961476
962020
962020
962020
973376
988580
988580
988580
988752
989468
989468
989468
989468
989732
989732
990100
990100
990100
990100
990100
990100
990100
990100
990100
990100
1180056
1426368
1919196
2108748
2302524
2495772
2662884
2812088
3635408
5382560
5518980
5678612
6110792
6230748
6208800
6179784
6171648
6168100
6167944
6141924
6149580
6154700
6156432
6163248
6173116
6186920
6205664
2608428
2995452
3412836
3856356
4275640
2630672
3043040
3481036
3904228
2482060
2487960
2487960
2487960
2853384
3059040
3037984
2926368
2474636
711612
711612
711612
711612
