245008000
245008000
245236000
279288000
1280640000
1926120000
1926120000
1926120000
1926120000
1926120000
2888092000
4326364000
4600284000
5098316000
2408480000
3674888000
4741712000
4741712000
5077476000
5471628000
5620192000
5620192000
5620720000
5627584000
5635504000
5646064000
5653412000
5661596000
5670836000
5683508000
5697500000
5714396000
5730500000
5747132000
2028432000
2028432000
2028432000
2028432000
2028432000
2028432000
2028432000
2028432000
2028432000
2028432000
2028432000
2028432000
2028432000
2028432000
2028432000
2028432000
2028432000
2028432000
2028664000
2133748000
2409628000
2694220000
2970100000
3257332000
3547204000
2742388000
2032052000
2032052000
2032052000
2044296000
2432904000
2557512000
2145892000
2603364000
2371628000
2980148000
248548000
248548000
248548000
248548000
