1095320000
1095320000
1310964000
1551468000
1551548000
1551548000
1333952000
1278244000
1278244000
1278244000
1464476000
1663352000
1895108000
2079324000
2249720000
2454056000
2638592000
2742608000
2892560000
3034768000
3160452000
3227300000
3395828000
3404012000
3758372000
4434628000
4522572000
4522572000
4774516000
5040480000
5331212000
5692668000
6140844000
6712364000
6704968000
3213740000
3215396000
523824000
472028000
523524000
523524000
523524000
523708000
523708000
523708000
524036000
524036000
524036000
524696000
524696000
524696000
525268000
