215136000
215136000
215136000
215024000
215024000
215024000
215024000
215024000
215024000
215024000
215024000
215024000
215024000
215024000
215024000
215024000
215024000
215024000
508652000
638276000
638276000
364468000
364468000
377700000
377700000
377700000
525156000
641016000
665176000
704888000
724896000
748372000
759312000
783768000
803084000
819288000
844848000
865980000
886224000
895200000
901536000
910776000
910776000
917376000
929256000
930576000
930576000
930576000
960672000
964368000
966216000
966480000
966744000
966744000
966744000
966744000
984696000
984696000
984696000
984696000
984696000
984696000
984696000
997200000
1015732000
1037632000
1050720000
1057056000
1067352000
1067352000
1093280000
1107272000
1113068000
1141928000
1149584000
1158824000
1158824000
1183112000
1183112000
1183112000
1183112000
1183112000
1183112000
1183112000
1183112000
1193952000
1220268000
1230300000
1241412000
1273560000
1283064000
1314320000
1342916000
1364156000
1371812000
1378148000
1390824000
1411440000
1422000000
1422000000
1422000000
1436784000
1436784000
1436784000
1436784000
1453284000
1475368000
1506640000
1517464000
1523800000
1554224000
1587164000
1611604000
1632108000
1637388000
1641612000
1647420000
1675832000
1682168000
1689560000
1708568000
1708568000
1708568000
1708568000
1708568000
1708568000
1725464000
1725464000
1725464000
1725464000
1725464000
1725464000
1738312000
1760372000
1778016000
1797056000
1803128000
1812104000
1812104000
1828740000
1850468000
1866264000
1891164000
1913928000
1924752000
1940892000
1962460000
1976668000
1983420000
2005200000
2018608000
2033132000
2054800000
2082756000
2092236000
2104908000
2104908000
2118788000
2138972000
2146628000
2156924000
2156924000
2178044000
2178044000
2178044000
2178044000
2178044000
2178044000
2178044000
2204444000
2204444000
2204444000
2204444000
2204444000
2204444000
2204444000
2204444000
2249324000
2249324000
2253548000
2253548000
2254604000
2258564000
2261996000
2261996000
2261996000
2261996000
2261996000
2262260000
2262788000
2262788000
2262788000
2262788000
2262788000
2262788000
2262788000
2262788000
2262788000
2297372000
2297372000
2297372000
2297372000
2297372000
2297372000
2297372000
2297372000
2297372000
2297372000
2297372000
2297372000
2297372000
2297372000
2297372000
2297372000
2297372000
2297372000
2297372000
2297372000
2297372000
2444156000
2444156000
2444156000
2444156000
2444156000
2444420000
2445212000
2449172000
2454188000
2459732000
2466068000
2467916000
2467916000
2467916000
2467916000
2467916000
2467916000
2467916000
2467916000
2467916000
2467916000
2467916000
2467916000
2467916000
2467916000
2468180000
2469764000
2472932000
2475836000
2475836000
2475836000
2475836000
2475836000
2475836000
2475836000
2476364000
2476364000
2476364000
2476364000
2476364000
2476364000
2476364000
2476364000
2476364000
2476364000
2476364000
2476364000
2476364000
2476364000
2476364000
2476364000
2476364000
2476364000
2476364000
2476364000
2476364000
2476364000
2476364000
2476364000
2476364000
2476364000
2476364000
2476364000
2476364000
2476364000
2476364000
2476364000
2476364000
2476364000
2476364000
2834848000
3618928000
3598340000
3807160000
4932064000
5585280000
6107804000
6452796000
6783292000
6805784000
6625864000
6654672000
6550632000
6541984000
6650272000
6605104000
6631536000
6664464000
6682484000
6682004000
2748856000
3660148000
4118464000
4351840000
4622968000
4857136000
5111896000
5251240000
5331760000
5432344000
5475640000
5500896000
2787024000
82732000
94328000
94328000
94328000
94328000
94328000
94328000
94328000
94604000
94604000
94604000
94604000
94604000
94604000
94604000
94604000
94604000
94604000
94828000
94828000
94828000
94828000
94828000
94828000
94828000
94828000
94828000
94828000
95052000
95052000
95052000
95052000
95052000
95052000
95052000
95052000
95052000
95276000
95276000
95276000
95276000
95276000
95276000
101400000
106764000
