259012000
259012000
259012000
259012000
258900000
258900000
258900000
688952000
688952000
688952000
880088000
587116000
1113828000
1266420000
1275132000
1287804000
1301004000
1308396000
1308396000
1308396000
1308396000
598524000
598524000
598524000
598524000
598524000
598524000
598524000
598524000
598524000
598524000
598524000
598524000
598524000
598524000
598524000
598524000
598524000
598524000
598524000
598524000
598524000
598524000
598524000
598524000
598524000
764496000
587620000
587620000
587620000
704936000
735720000
984740000
259516000
259516000
259516000
259516000
259516000
